GTCAACTCCAATGATTAGGACAG : 0.0275156,0.120795
GTCACCTCCACTTCCTAGGGCAG : 0.00277705,0.154291
GTCACTTCCAAGGACTAGAGAAG : 0.0179111,0.0904543
GTCACCTCCAGGGTCTAGGGCAG : 0.00902866,0.125314
GTCAACTCCAATGGCTTGGGAGG : 0.0167283,0.116266
GTCACCTTAAATGACTTGGGAAG : 0.00710275,0.122306
TTCACCTCCAAAAACTAGGGAAG : 0.371555,0.110639
GCTACCTCCAGTGACTAGGGAAG : 1.08116,0.0791679
>
GTCACCTCCAATGACTAGGGTGG : 0.114904
>
GACATCGATAGCCTCCCCACTGG : 0.0145684,0
GACACCGATGTCATCTCCATCAG : 0.340936,0
GACATGAATGACCTCCCCATCAG : 0.0592946,0
GAAATCAAGGTCCTCCCCATAGG : 0.407506,0.0965226
CACATAGGTGTCCTCCCCATAGG : 1.20998,0.0772385
>
GACATCGATGTCCTCCCCATGGG : 0.0347522
>
GAGGCCGAGCAGAAGAAAGACGG : 0.120566,0.139829
GAGTCCCAGCAGAGGAAGCAGAG : 0.0353791,0.174273
GAGTCCAAGCAGAGGAAGGATAG : 0.0926186,0.192476
GAGTCAGAGCAGAACTAGAAGGG : 0.00016734,0
GAGTCCCAGGAGAAGAAGAGAGG : 0.00967334,0.124097
GAGTCCAAGCAGTAGAGGAAGGG : 0.0900765,0.191301
GAGTCCGAGAAAATGAAGAAGAG : 0.0146088,0
GAGTCCCAGAAGAAGAAAAAAAG : 0.0555773,0
GAGTCCCAGGAGAAGAAAAACAG : 0.0192607,0
GAGTCAGAACAGAAGAACAACAG : 0.0370543,0
GAGTCCAAGAAGAATAAGAATAG : 0.00981066,0
GAATCCAAGCAGAAGAAGAGAAG : 0.234838,0.115278
GAGTCAGACCAGGAGAAGAAGAG : 0.253007,0
AAGTCCGAGAAGAAGCAGAAAAG : 0.0113521,0
GAGTCTGGGCAGGAGAAGAAGAG : 0.216801,0.117473
GAGTCTGAACGGAAGAAGAAAAG : 0.046614,0
AAGTCTGAGCAGAAGAAGCACAG : 0.0523088,0.0527714
AAGTCCGAGGAGAGGAAGAAAGG : 0.109783,0.0863663
GAGGCCCAGCAGAGGAAGAAGAG : 0.26784,0
GAGTTCCAGAAGAAGAAGAAGAG : 0.167704,0
GAGTACTAGAAGAAGAAGAAAAG : 0.396591,0
GACTCCTAGCAAAAGAAGAATGG : 0.799196,0
GAGTTTGAGTAGAAGAAGAAGAG : 0.557626,0
GAGTAAGAGAAGAAGAAGAAGGG : 0.315781,0
GAGTAGGAGGAGAAGAAGAAAGG : 0.0091267,0.0428925
GAGTCCTAGCAGGAGAAGAAGAG : 0.392288,0.265528
GATTCCTACCAGAAGAAGAATGG : 0.29931,0
GAGTCCCAGCAAAAGAAGAAAAG : 0.159944,0
AAGTCAGAGGAGAAGAAGAAGGG : 0.100686,0.042727
GAGAGCAAGCAGAAGAAGAAAAG : 1.56977,0
GAGTCTAAGCAGAAGAAGAAGAG : 0.23165,0
ACGTCTGAGCAGAAGAAGAATGG : 0.355603,0
>
GAGTCCGAGCAGAAGAAGAAGGG : 0.0482816
>
